[[[-7.07835945e-01  8.77799485e-03  6.65524579e-05 ...  5.94551203e-03
    6.03385679e-03  3.21640624e-02]
  [ 2.17504507e-02 -1.67180541e+00  2.10700952e-03 ...  4.56823900e-03
    6.83539040e-03  2.50317351e-01]
  [ 1.36083037e-03  1.73873522e-02 -2.95359219e+00 ...  4.98900168e-03
    1.82206320e-02  6.03234524e-01]
  ...
  [ 8.44308531e-03  2.61810942e-03  3.46485984e-04 ... -7.93402695e-01
    1.50401843e-02  4.13674191e-03]
  [ 9.25237919e-03  4.23008223e-03  1.36641294e-03 ...  1.62405102e-02
   -9.57146658e-01  3.92764700e-01]
  [ 2.39699922e-03  7.52861364e-03  2.19858515e-03 ...  2.17091843e-04
    1.90884655e-02 -7.76650858e-01]]

 [[-1.47614931e+00  7.56408790e-03  7.10684390e-01 ...  2.75061632e-03
    2.16800360e-03  1.42878785e-03]
  [ 8.89964485e-04 -8.51845289e-01  8.23438983e-03 ...  5.75260264e-03
    6.59983453e-03  8.12005824e-04]
  [ 3.21009043e-02  3.16122788e-03 -4.34302200e-01 ...  9.36812769e-04
    1.25109643e-03  6.06023620e-04]
  ...
  [ 9.55456069e-04  1.69835696e-02  7.20432041e-03 ... -5.10365020e-01
    1.90671150e-04  6.02905576e-02]
  [ 3.37537850e-03  8.73332092e-02  4.31233782e-02 ...  8.54607620e-04
   -2.35270449e+00  4.18948661e-04]
  [ 2.18793731e-03  1.05684223e-02  2.05454750e-02 ...  2.65788214e-01
    4.12064737e-04 -1.04848884e+00]]

 [[-6.63556297e-01  2.17071135e-02  2.97377259e-05 ...  2.61007821e-03
    5.50311202e-03  2.10300508e-02]
  [ 4.85580848e-02 -1.00685142e+00  8.07332341e-04 ...  6.53942951e-03
    1.20864841e-02  1.74111266e-01]
  [ 6.25618229e-04  7.59266987e-03 -2.30288606e+00 ...  4.44575786e-03
    5.59676369e-03  1.20342534e+00]
  ...
  [ 5.13269524e-03  5.74873576e-03  4.15562281e-04 ... -1.18647601e+00
    6.49969997e-02  1.15385604e-02]
  [ 5.72927326e-03  5.62511875e-03  2.76966035e-04 ...  3.44106230e-02
   -7.63509637e-01  2.00002769e-01]
  [ 9.25332962e-04  3.42472033e-03  2.51695368e-03 ...  2.58176899e-04
    8.45283779e-03 -4.89184769e-01]]]