[[[0.52925697 0.64735846 0.64592277 ... 0.64689165 0.64690621 0.6512126 ]
  [0.64949638 0.37039009 0.64625905 ... 0.64666467 0.64703831 0.68716533]
  [0.64613607 0.64877732 0.15914536 ... 0.64673401 0.64891465 0.7453278 ]
  ...
  [0.64730326 0.64634328 0.64596891 ... 0.51515516 0.6483905  0.64659356]
  [0.64743664 0.64660894 0.64613699 ... 0.64858832 0.48816935 0.71064135]
  [0.64630684 0.64715256 0.64627414 ... 0.64594758 0.64905768 0.51791594]]

 [[0.40263517 0.6471584  0.76303607 ... 0.64636512 0.6462691  0.64614727]
  [0.64605847 0.50552353 0.64726887 ... 0.64685986 0.64699949 0.64604563]
  [0.65120219 0.64643279 0.57433667 ... 0.64606619 0.64611799 0.64601168]
  ...
  [0.64606927 0.64871078 0.64709911 ... 0.56180115 0.64594323 0.65584798]
  [0.64646808 0.66030474 0.65301875 ... 0.64605265 0.25817459 0.64598085]
  [0.64627239 0.64765353 0.6492978  ... 0.689715   0.64597971 0.47311571]]

 [[0.53655448 0.64948924 0.6459167  ... 0.64634196 0.64681874 0.64937766]
  [0.65391441 0.47997776 0.64604486 ... 0.64698953 0.64790371 0.67460619]
  [0.64601491 0.64716311 0.26638491 ... 0.64664449 0.64683418 0.84424219]
  ...
  [0.6467577  0.64685922 0.64598029 ... 0.45037475 0.65662363 0.64781341]
  [0.64685601 0.64683885 0.64595745 ... 0.65158284 0.52008168 0.67887324]
  [0.6460643  0.64647621 0.64632661 ... 0.64595435 0.64730487 0.56529176]]]